-
  relative_config: [0.03, 0.0, 0.0, -0.49999999, 0.5, 0.49999999, -0.49999999]
  release_mode: 1
  grasp_mode: 2
-
  relative_config: [0.03, -0.0025, 0.0, -0.49999999, 0.5, 0.49999999, -0.49999999]
  release_mode: 1
  grasp_mode: 2
