-
  relative_config: [0.0, -0.0075, 0.0, 0.0, 0.70710678, 0.70710678, 0.0]
  release_mode: 1
  grasp_mode: 2
-
  relative_config: [0.0, -0.0075, -0.02666666, 0.0, 0.70710678, 0.70710678, 0.0]
  release_mode: 1
  grasp_mode: 2
-
  relative_config: [0.0, -0.0075, 0.0, 0.70710678, 0.0, 0.0, -0.70710678]
  release_mode: 1
  grasp_mode: 2
-
  relative_config: [0.0, -0.0075, -0.02666666, 0.70710678, 0.0, 0.0, -0.70710678]
  release_mode: 1
  grasp_mode: 2
