-
  relative_config: [0.0, 0.0075, 0.0, -0.5, 0.5, -0.49999999, -0.5]
  release_mode: 1
  grasp_mode: 2
-
  relative_config: [-0.01916666, 0.0075, 0.0, -0.5, 0.5, -0.49999999, -0.5]
  release_mode: 1
  grasp_mode: 2
-
  relative_config: [0.0, 0.0075, 0.0, -0.5, -0.49999999, 0.49999999, -0.5]
  release_mode: 1
  grasp_mode: 2
-
  relative_config: [-0.01916666, 0.0075, 0.0, -0.5, -0.49999999, 0.49999999, -0.5]
  release_mode: 1
  grasp_mode: 2
