-
  relative_config: [0.0, 0.0, -0.03, 0.0, 0.0, 0.92387953, -0.38268343]
  release_mode: 1
  grasp_mode: 2
-
  relative_config: [0.0, 0.0, -0.03, -0.0, 0.0, 0.38268343, -0.92387953]
  release_mode: 1
  grasp_mode: 2
