%YAML:1.0
cameraMatrix: !!opencv-matrix
   rows: 3
   cols: 3
   dt: d
   data: [ 1.0347053803690899e+03, 0., 9.3814634484811677e+02, 0.,
       1.0413509558351850e+03, 5.4018554070494338e+02, 0., 0., 1. ]
distortionCoefficients: !!opencv-matrix
   rows: 1
   cols: 5
   dt: d
   data: [ 3.5519610137614226e-02, -6.3421865464156221e-02,
       -3.5786562723541080e-03, -4.8376259436128163e-03,
       1.7050136505265708e-02 ]
rotation: !!opencv-matrix
   rows: 3
   cols: 3
   dt: d
   data: [ 1., 0., 0., 0., 1., 0., 0., 0., 1. ]
projection: !!opencv-matrix
   rows: 4
   cols: 4
   dt: d
   data: [ 1.0347053803690899e+03, 0., 9.3814634484811677e+02, 0., 0.,
       1.0413509558351850e+03, 5.4018554070494338e+02, 0., 0., 0., 1.,
       0., 0., 0., 0., 1. ]
