%YAML:1.0
cameraMatrix: !!opencv-matrix
   rows: 3
   cols: 3
   dt: d
   data: [ 3.5877795835393692e+02, 0., 2.5299525217399716e+02, 0.,
       3.6095841223030504e+02, 2.0455243666287248e+02, 0., 0., 1. ]
distortionCoefficients: !!opencv-matrix
   rows: 1
   cols: 5
   dt: d
   data: [ 1.0428793458718762e-01, -3.1115091101241288e-01,
       -1.0057794791511875e-03, -9.4104881351198574e-04,
       1.3622392937639902e-01 ]
rotation: !!opencv-matrix
   rows: 3
   cols: 3
   dt: d
   data: [ 1., 0., 0., 0., 1., 0., 0., 0., 1. ]
projection: !!opencv-matrix
   rows: 4
   cols: 4
   dt: d
   data: [ 3.5877795835393692e+02, 0., 2.5299525217399716e+02, 0., 0.,
       3.6095841223030504e+02, 2.0455243666287248e+02, 0., 0., 0., 1.,
       0., 0., 0., 0., 1. ]
