%YAML:1.0
rotation: !!opencv-matrix
   rows: 3
   cols: 3
   dt: d
   data: [ 9.9992110682282387e-01, 1.0139529901271448e-04,
       1.2560646846888422e-02, -2.4745570744111740e-04,
       9.9993236880807856e-01, 1.1627406225704504e-02,
       -1.2558618391039868e-02, -1.1629597106436455e-02,
       9.9985350605738754e-01 ]
translation: !!opencv-matrix
   rows: 3
   cols: 1
   dt: d
   data: [ -5.0474639342780424e-02, 2.6743408134599633e-04,
       -3.2063692739077989e-03 ]
essential: !!opencv-matrix
   rows: 3
   cols: 3
   dt: d
   data: [ -4.1520369493749979e-06, 3.2030422727134804e-03,
       3.0467666193037415e-04, -3.8400080471799273e-03,
       -5.8732483042049589e-04, 5.0426971041750888e-02,
       -2.5492274503523076e-04, -5.0471252799318508e-02,
       -5.9024828078504368e-04 ]
fundamental: !!opencv-matrix
   rows: 3
   cols: 3
   dt: d
   data: [ -6.1369167857547609e-09, 4.7056571501744501e-06,
       -7.9943353923859898e-04, -5.6395018912909890e-06,
       -8.5734488404182057e-07, 2.8172487573183254e-02,
       2.6622696414687311e-03, -8.0673202652562753e-02, 1. ]
