%YAML:1.0
depthShift: -3.0738741795187668e+01
