-
  relative_config: [-0.0115, 0.0, 0.0, 0.0, 0.70710678, 0.0, 0.70710678]
  release_mode: 1
  grasp_mode: 2
