%YAML:1.0
cameraMatrix: !!opencv-matrix
   rows: 3
   cols: 3
   dt: d
   data: [ 3.5054804106353299e+02, 0., 2.5443325929169171e+02, 0.,
       3.5311075619714990e+02, 2.0243791254974457e+02, 0., 0., 1. ]
distortionCoefficients: !!opencv-matrix
   rows: 1
   cols: 5
   dt: d
   data: [ 7.8835967529002862e-02, -2.6052008985730235e-01,
       1.9739972134352594e-03, 7.8579062957130955e-04,
       1.0015025276604665e-01 ]
rotation: !!opencv-matrix
   rows: 3
   cols: 3
   dt: d
   data: [ 1., 0., 0., 0., 1., 0., 0., 0., 1. ]
projection: !!opencv-matrix
   rows: 4
   cols: 4
   dt: d
   data: [ 3.5054804106353299e+02, 0., 2.5443325929169171e+02, 0., 0.,
       3.5311075619714990e+02, 2.0243791254974457e+02, 0., 0., 0., 1.,
       0., 0., 0., 0., 1. ]
