%YAML:1.0
rotation: !!opencv-matrix
   rows: 3
   cols: 3
   dt: d
   data: [ 9.9995568592673434e-01, 4.8664763637008670e-03,
       8.0587586262311148e-03, -4.9440701200152678e-03,
       9.9994134303925875e-01, 9.6367344827924164e-03,
       -8.0113889833589927e-03, -9.6761505075628595e-03,
       9.9992109176570143e-01 ]
translation: !!opencv-matrix
   rows: 3
   cols: 1
   dt: d
   data: [ -4.9167482003425238e-02, 1.5052662059299570e-03,
       8.0366024304817391e-03 ]
essential: !!opencv-matrix
   rows: 3
   cols: 3
   dt: d
   data: [ 2.7674252843776996e-05, -8.0506962101710086e-03,
       1.4277008242651809e-03, 7.6423464722310853e-03,
       -4.3664202017063052e-04, 4.9228367323397679e-02,
       -1.2621120228034999e-03, -4.9171923330775850e-02,
       -4.8594454627629577e-04 ]
fundamental: !!opencv-matrix
   rows: 3
   cols: 3
   dt: d
   data: [ 7.8456153206122977e-08, -2.2657977566682100e-05,
       5.9857197881340377e-03, 2.1492665507846809e-05,
       -1.2190616863304183e-06, 4.3310150417251329e-02,
       -1.5110810375137639e-02, -1.2139745942726675e-01, 1. ]
