%YAML:1.0
depthShift: -3.5191830048044189e+01
