%YAML:1.0
cameraMatrix: !!opencv-matrix
   rows: 3
   cols: 3
   dt: d
   data: [ 1.0354732123361073e+03, 0., 9.3825584330626793e+02, 0.,
       1.0438219307398404e+03, 5.2725899819786900e+02, 0., 0., 1. ]
distortionCoefficients: !!opencv-matrix
   rows: 1
   cols: 5
   dt: d
   data: [ 2.8061465000397214e-02, -5.0689223106997854e-02,
       -1.4695684261733179e-03, -2.1678013200548524e-03,
       1.3439799779382946e-02 ]
rotation: !!opencv-matrix
   rows: 3
   cols: 3
   dt: d
   data: [ 1., 0., 0., 0., 1., 0., 0., 0., 1. ]
projection: !!opencv-matrix
   rows: 4
   cols: 4
   dt: d
   data: [ 1.0354732123361073e+03, 0., 9.3825584330626793e+02, 0., 0.,
       1.0438219307398404e+03, 5.2725899819786900e+02, 0., 0., 0., 1.,
       0., 0., 0., 0., 1. ]
