-
  relative_config: [0.07923071, 0.03771504, -0.10856835, -0.015131, -0.260763, -0.249354, 0.932522]
  release_mode: 3
  grasp_mode: 2
-
  relative_config: [0.01576201, -0.06972447, -0.1458097, -0.009046, 0.012464, 0.36012, 0.932779]
  release_mode: 3
  grasp_mode: 2
