-
  relative_config: [-0.0740219, 0.03386633, -0.11128546, 0.25657999, -0.070693, 0.927508, 0.262484]
  release_mode: 3
  grasp_mode: 2
-
  relative_config: [-0.08060287, -0.00788864, -0.11286215, 0.243644, -0.001128, 0.953434, 0.177763]
  release_mode: 3
  grasp_mode: 2
