%YAML:1.0
cameraMatrix: !!opencv-matrix
   rows: 3
   cols: 3
   dt: d
   data: [ 1.0315606674018809e+03, 0., 9.3819707824606667e+02, 0.,
       1.0396643186093827e+03, 5.2479200092365159e+02, 0., 0., 1. ]
distortionCoefficients: !!opencv-matrix
   rows: 1
   cols: 5
   dt: d
   data: [ 4.2979576575695108e-02, -7.5057827653960810e-02,
       -2.1316113787823504e-03, -4.0519543740441090e-03,
       2.4177999279291429e-02 ]
rotation: !!opencv-matrix
   rows: 3
   cols: 3
   dt: d
   data: [ 1., 0., 0., 0., 1., 0., 0., 0., 1. ]
projection: !!opencv-matrix
   rows: 4
   cols: 4
   dt: d
   data: [ 1.0315606674018809e+03, 0., 9.3819707824606667e+02, 0., 0.,
       1.0396643186093827e+03, 5.2479200092365159e+02, 0., 0., 0., 1.,
       0., 0., 0., 0., 1. ]
