%YAML:1.0
cameraMatrix: !!opencv-matrix
   rows: 3
   cols: 3
   dt: d
   data: [ 3.5753481337831619e+02, 0., 2.5054491434198641e+02, 0.,
       3.6018633414943406e+02, 2.0668584496664340e+02, 0., 0., 1. ]
distortionCoefficients: !!opencv-matrix
   rows: 1
   cols: 5
   dt: d
   data: [ 9.9987300077716598e-02, -3.0489570445203312e-01,
       -1.0434670448383596e-03, -1.8246851664800289e-03,
       1.3047179585439445e-01 ]
rotation: !!opencv-matrix
   rows: 3
   cols: 3
   dt: d
   data: [ 1., 0., 0., 0., 1., 0., 0., 0., 1. ]
projection: !!opencv-matrix
   rows: 4
   cols: 4
   dt: d
   data: [ 3.5753481337831619e+02, 0., 2.5054491434198641e+02, 0., 0.,
       3.6018633414943406e+02, 2.0668584496664340e+02, 0., 0., 0., 1.,
       0., 0., 0., 0., 1. ]
