%YAML:1.0
depthShift: -3.4425051343852942e+01
