%YAML:1.0
rotation: !!opencv-matrix
   rows: 3
   cols: 3
   dt: d
   data: [ 9.9994452848813642e-01, -9.9255397734009307e-03,
       3.5247137252930587e-03, 9.9024259313593051e-03,
       9.9992974167983728e-01, 6.5156476859892128e-03,
       -3.5891374050843862e-03, -6.4803830365673578e-03,
       9.9997256098774367e-01 ]
translation: !!opencv-matrix
   rows: 3
   cols: 1
   dt: d
   data: [ -5.0471374186392630e-02, 2.4422269059558566e-05,
       -1.4501174746530232e-03 ]
essential: !!opencv-matrix
   rows: 3
   cols: 3
   dt: d
   data: [ 1.4272026005122670e-05, 1.4498573261770874e-03,
       3.3870053504754005e-05, -1.6311857314227165e-03,
       -3.1268063843897012e-04, 5.0464878052771542e-02,
       -5.2420995885404367e-04, -5.0467585748223083e-02,
       -3.2893977393322186e-04 ]
fundamental: !!opencv-matrix
   rows: 3
   cols: 3
   dt: d
   data: [ 1.0771615113430660e-08, 1.0862044321276329e-06,
       -2.1806220735787446e-04, -1.2215190596735884e-06,
       -2.3242825863216902e-07, 1.3865610909579102e-02,
       2.2281061486139581e-04, -3.9899701660804983e-02, 1. ]
