-
  relative_config: [ 0.065, 0.0285018, 0.0340764, 0.373735, 0.600268, -0.373735, -0.600268 ]
  grasp_mode:  2
  release_mode:  1
  grasp_score:  0.00117045
