-
  relative_config: [ -0.00760459, -0.066, -0.000116049, -0.47666, -0.522298, -0.522298, 0.47666 ]
  grasp_mode:  2
  release_mode:  1
  grasp_score:  0.00110653
