-
  relative_config: [ -0.005, -0.0594466, -0.00726543, -0.297742, -0.641366, -0.297742, -0.641366 ]
  grasp_mode:  2
  release_mode:  1
  grasp_score:  0.00216851
