-
  relative_config: [ -0.0095, -0.0124826, -0.024414, -0.004115, -0.707095, -0.004115, -0.707095 ]
  grasp_mode:  2
  release_mode:  1
  grasp_score:  0.00212993
