-
  relative_config: [ -0.0225, 0.047339, -0.037249, -0.471991, -0.526521, -0.471991, -0.526521 ]
  grasp_mode:  2
  release_mode:  1
  grasp_score:  0.00215939
