-
  relative_config: [ 0.0137015, 0.071, -0.0357308, -0.707067, 0.00745385, -0.00745385, -0.707067 ]
  grasp_mode:  2
  release_mode:  1
  grasp_score:  0.00213716
