-
  relative_config: [ 0.005, -0.0532526, -0.0125302, 0.197874, -0.678856, -0.197874, 0.678856 ]
  grasp_mode:  2
  release_mode:  1
  grasp_score:  0.00215551
