-
  relative_config: [ -0.0026, -0.0697658, -0.0508552, -0.497807, 0.502183, -0.497807, 0.502183 ]
  grasp_mode:  2
  release_mode:  1
  grasp_score:  0.00218879
