-
  relative_config: [ 0.012, 0.0116822, 0.0179718, 0.502309, 0.497681, -0.502309, -0.497681 ]
  grasp_mode:  2
  release_mode:  1
  grasp_score:  0.00212387
