-
  relative_config: [ -0.0136, 0.0112088, -0.0295849, -0.0257492, -0.706638, -0.0257492, -0.706638 ]
  grasp_mode:  2
  release_mode:  1
  grasp_score:  0.00213668
