-
  relative_config: [ -0.009, -0.0546177, 0.0454341, -0.50609, -0.493835, -0.50609, -0.493835 ]
  grasp_mode:  2
  release_mode:  1
  grasp_score:  0.00216847
