-
  relative_config: [ 0.000583216, -0.0240316, 0.0185, 0.389954, 0.920834, 2.29859e-17, 5.67543e-17 ]
  grasp_mode:  2
  release_mode:  1
  grasp_score:  0.00200783
