-
  relative_config: [ -0.00823162, 0, 0, -0.0476661, -0.0476661, 0.705505, -0.705505 ]
  grasp_mode:  2
  release_mode:  3
  grasp_score:  0.00823163
