-
  relative_config: [ 0, 0.0154212, 0, -0.203285, 0, 0.979129, 0 ]
  grasp_mode:  2
  release_mode:  3
  grasp_score:  0.0154212
