-
  relative_config: [ 0, 0.0251737, 0, 0, -0.405829, 0, 0.913959 ]
  grasp_mode:  2
  release_mode:  3
  grasp_score:  0.0251737
