-
  relative_config: [ 0, -0.0744885, 0.05, -0.0763354, 0, 0.997091, 0 ]
  grasp_mode:  2
  release_mode:  3
  grasp_score:  0.0897137
