-
  relative_config: [ 0, 0, 0.000142746, -0.321612, 0.629727, -0.629727, 0.321612 ]
  grasp_mode:  2
  release_mode:  3
  grasp_score:  0.000142746
