-
  relative_config: [ 0, -0.0306175, 0.04, 0.025092, 0, 0.999694, 0 ]
  grasp_mode:  2
  release_mode:  3
  grasp_score:  0.0503729
