-
  relative_config: [ 0, -0.00462898, -0.03, 0, 0.0104248, 0, 0.999955 ]
  grasp_mode:  2
  release_mode:  3
  grasp_score:  0.0303551
