-
  relative_config: [ 0, -0.0120256, 0, 0, -0.937157, 0, 0.348933 ]
  grasp_mode:  2
  release_mode:  3
  grasp_score:  0.0120256
