-
  relative_config: [ 0, -0.0608745, 0.08, 0, -0.999625, 0, 0.0277136 ]
  grasp_mode:  2
  release_mode:  3
  grasp_score:  0.100527
