-
  relative_config: [ 0.015, -0.015, -0.005, 0.353553, 0.612372, -0.353553, -0.612372 ]
  grasp_mode:  2
  release_mode:  1
  grasp_score:  0.00312629
