-
  relative_config: [ 0.0026, -0.0879002, 0.032803, 0.705742, 0.0439162, -0.705742, -0.0439162 ]
  grasp_mode:  2
  release_mode:  1
  grasp_score:  0.00341183
