-
  relative_config: [ 0.005, 0.0439463, 0.00211913, 0.25365, 0.660047, -0.25365, -0.660047 ]
  grasp_mode:  2
  release_mode:  1
  grasp_score:  0.00336884
