-
  relative_config: [ 0.009, 0.0732935, -0.00909163, 0.0149511, 0.706949, -0.0149511, -0.706949 ]
  grasp_mode:  2
  release_mode:  1
  grasp_score:  0.00339929
