-
  relative_config: [ -0.005, -0.0552264, 0.0037623, -0.69685, -0.119998, -0.69685, -0.119998 ]
  grasp_mode:  2
  release_mode:  1
  grasp_score:  0.00338095
