-
  relative_config: [ -0.0136, -0.0115182, 0.028341, -0.642425, -0.295449, -0.642425, -0.295449 ]
  grasp_mode:  2
  release_mode:  1
  grasp_score:  0.00330468
