-
  relative_config: [ -0.0225, -0.0482591, -0.00310114, -0.706774, -0.0216859, -0.706774, -0.0216859 ]
  grasp_mode:  2
  release_mode:  1
  grasp_score:  0.00337418
