-
  relative_config: [ -0.0095, 0.00978136, 0.0147345, -0.70291, -0.0769292, -0.70291, -0.0769292 ]
  grasp_mode:  2
  release_mode:  1
  grasp_score:  0.00333702
