-
  relative_config: [ -0.012, -0.000947058, 0.0146119, -0.511995, -0.48771, -0.511995, -0.48771 ]
  grasp_mode:  2
  release_mode:  1
  grasp_score:  0.00330872
