-
  relative_config: [ -0.0218358, 0.071, -0.00041107, -0.448905, 0.546337, -0.546337, -0.448905 ]
  grasp_mode:  2
  release_mode:  1
  grasp_score:  0.0033463
