-
  relative_config: [ -0.0158428, -0.0889065, -0.210527, -0.168182, 0.152887, 0.699708, 0.67731 ]
  grasp_mode:  2
  release_mode:  3
-
  relative_config: [ 0.0175458, -0.0941236, -0.211925, -0.281587, 0.064532, 0.619898, 0.729569 ]
  grasp_mode:  2
  release_mode:  3
-
  relative_config: [ 0.0325823, -0.101891, -0.196555, -0.203851, 0.186663, 0.72937, 0.625796 ]
  grasp_mode:  2
  release_mode:  3
-
  relative_config: [ -0.0343881, -0.111538, -0.189197, -0.047255, 0.390143, 0.696339, 0.600556 ]
  grasp_mode:  2
  release_mode:  3
