-
  relative_config: [ -0.0418303, 0.11561, -0.194243, 0.235344, -0.306461, 0.862356, 0.327165 ]
  grasp_mode:  2
  release_mode:  3
-
  relative_config: [ -0.073699, 0.0850854, -0.208757, 0.283026, -0.188847, 0.885978, 0.315081 ]
  grasp_mode:  2
  release_mode:  3
-
  relative_config: [ 0.00560625, 0.120692, -0.179221, 0.159357, -0.413076, 0.782793, 0.437273 ]
  grasp_mode:  2
  release_mode:  3
-
  relative_config: [ -0.0864807, 0.068127, -0.195991, 0.352445, -0.058906, 0.617699, 0.700543 ]
  grasp_mode:  2
  release_mode:  3
