-
  relative_config: [ -0.0969091, -0.0734034, 0.183374, -0.732765, 0.540344, 0.047213, 0.410919 ]
  grasp_mode:  2
  release_mode:  3
