-
  relative_config: [ 0.00843585, 0.110355, 0.206094, 0.837755, 0.411212, -0.138323, 0.33157 ]
  grasp_mode:  2
  release_mode:  3
