-
  relative_config: [ -0.187588, 0.0264956, 0.0971893, -0.087495, 0.852288, -0.016235, 0.515447 ]
  grasp_mode:  2
  release_mode:  3
-
  relative_config: [ 0.190598, 0.0259412, 0.0571484, -0.023421, -0.833457, 0.250491, 0.491991 ]
  grasp_mode:  2
  release_mode:  3
-
  relative_config: [ 0.198384, -0.0614309, 0.083602, -0.176901, -0.854828, 0.022156, 0.487324 ]
  grasp_mode:  2
  release_mode:  3
-
  relative_config: [ 0.0572481, 0.173163, 0.0769581, 0.438731, -0.757185, 0.326326, 0.357347 ]
  grasp_mode:  2
  release_mode:  3
