-
  relative_config: [ -0.135659, -0.0400027, 0.0757518, -0.826908, 0.15236, -0.411107, 0.352137 ]
  grasp_mode:  2
  release_mode:  3
