-
  relative_config: [ 0.158507, 0.0150056, 0.0918359, -0.245783, -0.837376, 0.212007, 0.439824 ]
  grasp_mode:  2
  release_mode:  3
