image_width: 2592
image_height: 1944
camera_name: left_hand_rgb
camera_matrix:
  rows: 3
  cols: 3
  data: [1646.659684, 0.000000, 1256.564425, 0.000000, 1634.100461, 766.701038, 0.000000, 0.000000,1.000000]
distortion_model: plumb_bob
distortion_coefficients:
  rows: 1
  cols: 5
  data: [0.020217, -0.012408, -0.004100, -0.013422, 0.000000]
rectification_matrix:
  rows: 3
  cols: 3
  data: [1, 0, 0, 0, 1, 0, 0, 0, 1]
projection_matrix:
  rows: 3
  cols: 4
  data: [1659.418945, 0.000000, 1211.741430, 0.000000, 0.000000, 1672.926636, 756.065605, 0, 0, 0, 1, 0]
