image_width: 640
image_height: 480
camera_name: narrow_stereo
camera_matrix:
  rows: 3
  cols: 3
  data: [364.822744, 0, 326.915992, 0, 362.590471, 218.346714, 0, 0, 1]
distortion_model: plumb_bob
distortion_coefficients:
  rows: 1
  cols: 5
  data: [0.005621999999999999, 0.016501, -0.002559, 0.002204, 0]
rectification_matrix:
  rows: 3
  cols: 3
  data: [1, 0, 0, 0, 1, 0, 0, 0, 1]
projection_matrix:
  rows: 3
  cols: 4
  data: [374.397278, 0, 327.977991, 0, 0, 372.545929, 216.871144, 0, 0, 0, 1, 0]