# oST version 5.0 parameters


[image]

width
640

height
480

[narrow_stereo]

camera matrix
364.822744 0.000000 326.915992
0.000000 362.590471 218.346714
0.000000 0.000000 1.000000

distortion
0.005622 0.016501 -0.002559 0.002204 0.000000

rectification
1.000000 0.000000 0.000000
0.000000 1.000000 0.000000
0.000000 0.000000 1.000000

projection
374.397278 0.000000 327.977991 0.000000
0.000000 372.545929 216.871144 0.000000
0.000000 0.000000 1.000000 0.000000

